300091
002294
002379
603032
600157
600808
300462
300630
000565
600750
300190
603315
603729
000410
600803
600486
000823
600300
002864
603239
300617
002101
300090
000880
600967
002599
600231
300576
002035
600715
600874
000965
601989
002345
600727
300228
603505
002022
603322
601500
002810
002446
002402
600059
300159
600114
603648
300378
600677
600835
600977
603158
603660
000426
300431
002465
002774
600693
600675
603963
000713
000910
300059
600732
603659
600313
002056
600350
300385
002826
000034
300355
600048
603919
000333
600297
000851
300490
601311
002655
002624
300134
600730
000627
601258
300312
600101
603515
002712
300195
300558
600226
002166
000861
000505
002375
603519
603716
300442
600298
600503
000783
600319
600722
300557
002528
300069
601218
600829
300485
603012
000778
603558
000673
002112
603318
603050
603920
002860
000897
002632
002236
600223
002139
600149
000563
603229
601369
600525
600490
002835
300705
601288
300218
600008
600834
300346
000725
603787
600697
300598
300367
002879
600177
000061
600720
002798
002648
600452
300616
002209
002800
300142
600600
002102
002041
601208
002605
000031
603909
000889
603398
600096
603628
002775
600893
603040
000029
000685
600116
300192
000590
300102
603197
600638
002733
300106
600826
000559
002363
600580
600035
601375
002742
000698
002118
600455
002795
000547
000019
000925
601139
601518
002435
300037
603615
000581
601969
002443
002462
000062
000552
000905
002086
000766
000631
002495
002275
600421
002669
300149
002853
600793
603688
603527
603861
600037
002587
002036
603611
002216
000150
600480
603711
603303
300383
300292
000719
300095
601012
603316
300390
002221
603336
600129
002783
300072
603557
300016
600385
002182
300110
002476
300261
000692
300114
300008
603238
601628
002777
600309
600227
601933
000530
601599
600467
600379
600435
600325
601949
002481
000973
600495
300433
000538
601021
002374
002697
300398
603937
002004
600644
603976
002410
300678
000961
603993
000503
000739
600275
601800
600636
300426
600688
002033
002905
300516
600743
002725
600515
603696
002838
000820
603579
300535
603378
300301
300436
002291
600261
300180
600630
000695
600748
600220
300012
601611
603768
002832
300717
002231
600026
600572
600171
002792
002618
300621
000782
002194
000830
300586
601127
002865
600545
603186
600104
002822
002039
002909
600538
603388
603228
600318
300449
300665
000421
600575
300258
603393
600088
603726
300007
600791
300282
603978
600649
000616
002889
603321
300687
002584
002239
002241
000906
300529
002097
601222
002016
300348
000519
002532
002600
002729
300239
002577
601099
603825
600115
600856
600475
002734
002109
002893
600176
603099
300316
300549
002301
603612
300358
600052
300522
000166
600502
603507
002572
603369
002355
000425
600360
000688
600653
000760
002263
300590
002282
603559
002721
300167
600444
000882
002685
300406
300371
601666
300178
300027
600062
000554
603233
600868
600439
600549
002793
002042
000876
000018
002017
600156
300321
603499
002002
000825
300130
600201
300176
002678
600623
002739
300710
000780
002150
002603
000601
600886
002271
600626
002488
600082
603536
601998
002185
300463
000948
600841
300650
600897
603020
300250
600895
000750
002820
600565
002442
300365
300523
600039
300344
600143
601313
601058
600758
002490
002063
600278
601997
002606
002788
002483
600802
300631
603387
603580
002359
002237
600425
600694
600076
000428
002479
603690
600199
300499
300690
002297
600508
300088
600823
603077
600664
601798
300193
002570
601996
002819
000608
002897
603989
601727
300177
603179
300278
603103
603619
300245
002778
300133
000620
300691
603728
300697
002304
002240
000929
600749
000560
600673
002637
002617
002008
002890
000935
600509
600738
300117
300249
600255
603208
000619
300521
600395
603309
002445
603998
300313
600202
300026
000023
002133
300672
300018
600403
002412
002741
300656
300035
002082
600980
600998
000049
002120
300246
603819
300370
000982
300168
002498
300438
600499
603357
600858
600995
603060
002506
603986
002411
600187
000633
002037
600792
603100
000524
600423
002383
600987
300349
603833
300163
002225
300458
300452
002175
600589
603079
002636
300563
603633
603799
300323
300511
300638
002500
603958
603009
300019
000768
002389
600375
002148
600085
002569
603178
002267
300729
002776
000407
600207
300041
002259
600390
603828
002735
600295
300024
002726
000831
600189
600785
300671
600787
600753
603043
300369
600123
002014
601019
002266
002189
300287
603089
000927
600973
600009
600577
601968
002691
600418
600539
300474
300211
000533
300135
603860
300125
000058
002278
000550
002026
603320
600846
600517
002487
600338
300500
300692
002062
600075
600616
002421
002356
600812
300613
600321
300476
000938
600794
600215
002547
600870
600110
300636
000572
000665
002453
300627
000899
002305
300280
000818
600657
603127
300175
300107
000546
002123
603300
002299
002220
603030
600745
300224
002643
603811
002406
600208
300727
300715
601155
002399
002159
000526
600016
600997
603566
300256
300127
002106
000735
300610
600272
600576
300112
600323
300257
600854
300651
002898
300305
002214
000626
000970
600126
603385
300553
300422
603138
600960
002702
000651
300302
002649
002861
002770
600603
300451
600770
603903
000006
002836
002592
600860
002626
000610
600197
002057
002688
600598
002551
600376
600815
002537
002084
600827
002227
000539
600415
600668
601388
002308
002683
300356
300103
600301
000567
300188
300273
002061
300393
002135
300360
300129
300405
600282
600699
603800
002427
600605
603701
002433
300437
002013
002093
300653
002315
300604
600536
300347
600570
600882
000045
002489
600776
300078
002068
600843
600982
600393
002245
600084
600595
601872
002001
300602
002458
600712
002728
002438
002511
600737
000629
300288
300048
601633
000669
002856
601555
600055
300232
300290
600378
002520
300538
002361
002179
002154
002611
002404
601010
603757
000070
300067
600170
000726
600651
002228
002870
002274
000790
002542
002452
000789
000930
300680
603167
300079
300373
600117
600624
603589
300251
300571
601318
002534
000759
002254
002910
600779
601200
600643
300161
002246
300183
000798
002518
000718
603088
300031
002565
300240
600050
000521
002365
300307
300578
600824
603136
000893
002007
002748
002659
002645
300325
600959
002621
002247
300417
300317
002161
600884
000557
600510
002329
000862
603359
002362
601328
300615
002470
601107
600479
603926
002023
600666
002846
600519
300166
300272
600647
600642
002409
603577
000901
000543
600276
601126
300396
002823
002286
000676
600463
000836
002880
603421
000040
600210
300140
000301
002213
600232
002598
300075
300403
000517
300141
002557
600520
600290
600639
300174
300194
600242
600229
600243
600317
600408
600133
002586
300252
002127
600167
300212
603199
002554
002828
002613
002915
002521
300439
603722
300268
300487
002852
300647
300513
601007
300673
600022
002881
002867
603365
002400
000529
300580
002202
000987
002640
002797
000591
300381
002277
300655
002711
002672
000537
600336
601567
002377
000545
300620
002566
600872
600287
300395
603227
002403
300057
600993
000960
002455
300080
300453
002426
600315
300335
000806
603960
600166
002197
300596
000888
000069
601088
600021
002181
603818
300040
300336
002253
000680
600401
601952
603165
002922
002193
601233
600488
600896
000886
002877
300526
000159
000895
600155
000786
002414
002337
600757
002921
600262
600996
300169
603678
300725
601558
300416
600010
600559
002129
002491
600221
002115
600069
002027
002588
601519
600655
000666
600381
300108
300247
000540
002855
002341
000751
300695
002471
600619
601811
002436
000939
300318
300676
002087
300409
002546
002523
600193
300391
000059
600260
600540
603997
002891
002397
300289
300491
600734
600816
600867
300131
300126
600119
300104
300155
600767
300429
300645
002098
600061
002195
002701
002641
002847
600328
600182
002081
600225
603196
603969
600476
300315
600072
601618
600685
601001
300418
300534
002887
600551
000520
601333
600461
002031
002553
000813
600986
002287
002923
600217
002878
300004
600887
002018
300421
300626
002842
300483
000038
002324
000898
300021
300076
600271
600621
002269
000727
603038
000949
300419
000429
002076
000027
300265
002234
002576
600270
603677
300420
002128
300633
000936
300450
300136
002858
002229
600241
300726
000693
002758
603699
600992
300667
600516
000030
600533
002090
000996
300199
600136
002381
600184
603377
000733
603912
300711
000513
600844
300720
002321
600426
600462
002862
603766
000510
603866
300460
002873
002762
601788
600498
600203
600766
600481
600365
000868
002153
600456
603966
300603
600708
603899
002309
603002
600663
600769
603822
600606
601016
300525
600556
300254
300144
002316
600066
300566
002030
300480
600620
603977
002824
002503
300445
600216
000501
002768
600696
600739
002354
603389
002681
000523
000416
600780
300400
002232
002067
002902
002351
300286
300094
002141
600939
000338
002079
000032
000829
000721
002006
600099
002919
300706
300054
002360
300527
300154
002343
002850
300401
000158
601992
600853
300622
000885
002088
300253
002628
002695
600007
600343
600128
002692
300411
000036
600470
000678
002199
600604
600783
600354
002164
300084
600601
002346
600258
600247
601028
600331
002233
002464
300128
600196
002508
600755
300172
000705
601186
002138
002113
603606
600200
600449
600822
603159
002661
300034
600071
300392
002191
300639
000877
002868
002279
300298
300362
002527
300013
603816
600523
002773
000753
002756
300496
600371
300628
601607
300424
000869
002782
000717
002514
002884
600429
002256
300423
002759
601999
002338
000026
002667
600265
600400
002715
600579
300324
300503
002285
300683
000913
300548
000807
002724
002654
300593
000890
000779
000716
300472
002170
000419
600219
601777
300061
000711
002745
002053
002249
600211
601336
600094
601699
300428
300339
601113
300681
601668
601169
603630
601163
002419
601588
603042
002582
002485
000681
300009
300350
000981
601919
002040
000810
601238
000985
603367
300270
603069
000926
002226
300203
002244
600299
002698
600781
002332
601015
002818
300541
002272
600608
600018
600898
002429
600774
002831
000708
300049
002028
002095
600137
600399
603177
603990
300143
603798
600790
002217
600233
600592
002830
002766
601866
002564
002140
002451
600740
603922
300567
600392
002677
002349
002813
300688
300122
002124
600796
300020
601717
000430
300716
002657
002666
600741
300582
600100
600718
300314
600159
300559
601216
600507
603444
000801
601008
603096
600640
300533
603779
300612
603685
002288
300297
600017
603023
603896
603260
002449
600060
600804
600483
603898
000912
600353
300337
600322
002639
002440
300552
000881
000776
601009
600369
002912
000502
600984
600151
002224
600152
000528
000856
600795
600965
002417
600346
600036
600859
300494
300703
603869
300382
300477
601100
000573
603667
300459
600885
002144
002480
300699
002290
603326
300006
000534
603366
300388
002461
002707
300303
600303
600747
002475
002806
002203
000968
300156
600293
002679
603639
300654
002467
002579
002802
002151
600054
601166
600586
600163
002723
300468
002430
002358
600138
601878
600165
600175
300641
600933
600469
000039
002790
000922
300036
000668
002300
000037
000586
603399
600238
002468
300046
600961
600522
600809
000652
300708
000686
601111
600596
002811
600838
002235
603036
300404
603888
603181
300086
601377
002623
002162
000728
300668
002122
002313
600218
600406
300087
603041
300592
600702
002593
603363
603885
600635
002322
600180
002901
600811
300014
603123
300506
603098
600191
603683
600355
300446
300352
000835
000892
601069
600735
002395
000928
002273
002058
601899
600679
002478
300160
300050
603708
603609
000937
002656
600023
600568
601616
603108
000731
600256
300375
002156
300532
300591
600141
300389
600185
600179
300291
002083
300471
603638
002662
000931
603005
600388
600650
300723
300363
300202
000979
000793
002134
600599
300115
600936
601188
600079
600006
300497
600489
000099
300670
002619
002325
300306
300241
603508
300698
300039
002687
600398
600667
601018
300308
002703
000617
600771
603686
002448
000088
600405
601106
002320
603669
300215
601398
002510
601901
600573
600736
000656
603856
300562
000635
300055
600466
300399
603360
600560
600917
603955
300457
300595
603605
601366
002437
002024
600326
002682
600493
002020
600112
300545
601718
600396
600881
300380
600169
300032
002608
000599
300465
600629
002110
002114
603118
603345
600337
600983
000655
002121
000068
000687
002549
600340
002344
002456
600086
600590
600146
000821
603718
603858
000060
002052
000615
601677
601900
002610
002761
002369
000720
300334
300707
601579
002562
603160
600051
002190
600614
000812
002183
600716
300320
600746
603113
300329
300266
000860
002558
603806
601212
600352
002716
603386
000153
002314
600446
300300
000677
603608
000156
603933
603083
002330
300732
300543
600368
300109
600019
002780
300518
603058
601700
600053
600178
601006
000983
002296
603333
300310
002382
300386
600648
603116
300293
002131
600707
300111
300147
300267
002486
600782
002700
603126
002242
300332
002859
000670
002552
002882
002502
300101
600683
600798
000762
300238
600131
600581
000022
002370
300478
002248
600615
300121
002046
000703
000980
600861
000151
000662
300427
603767
000571
002388
002635
002607
603999
002505
002493
600083
300666
000014
603803
002561
603203
603085
300119
300575
002045
300353
603319
603968
000989
603823
002907
000413
000028
002590
600283
002684
300611
603980
600866
002705
002307
000587
002398
002376
600198
002812
600652
601991
603901
601198
300456
603188
300296
002450
002089
000409
002119
600751
603008
300010
600909
603000
002318
300271
000017
300664
000605
601211
300629
002799
000544
603737
601601
603595
601005
603278
002646
000005
300145
600879
300043
002567
600970
002496
300402
600487
002633
603839
002694
300643
600583
603017
600064
600135
300152
002252
300572
600422
300083
600761
002111
600333
002746
002791
000010
002413
600361
600267
603916
603979
600033
002328
002074
300430
603268
300584
603970
000488
002364
002422
002719
603258
603626
002186
300096
000815
002642
000584
600222
300345
300507
600121
000531
600610
600721
603031
000638
000597
000600
300181
600837
000723
600704
600237
300204
300231
300482
002384
300448
603003
002763
002264
002805
300540
600765
000797
600778
603306
603607
000826
600277
601818
002347
300606
002012
000509
000957
000803
600382
000887
300341
300632
300173
600029
603567
002174
600460
603520
600876
300196
000990
300279
300222
600875
600057
600028
002651
002708
601857
600366
000661
601928
600359
300042
002015
002034
002280
002392
600634
300263
002796
002749
600714
300685
300379
002298
600372
600077
002323
300259
002457
002339
000607
000978
300470
300275
600190
002091
300191
600289
002620
300044
600742
002357
300033
603183
300618
300517
300408
300299
600307
300709
002047
002771
300555
002652
000551
600637
603039
603501
000955
603528
000630
000585
300505
300675
000691
002585
600356
300608
603232
000800
600768
300585
600888
603189
600391
300669
600252
600985
002538
300051
300322
600103
300274
000903
002009
000679
600558
601326
000035
600380
600095
300219
600729
603500
002270
002425
000089
603636
600919
600348
601038
000639
300165
300184
002851
002348
603813
600695
002614
603889
600543
603987
603599
300002
600030
600789
000155
603788
002714
000564
002172
002612
600387
603776
600370
002693
000525
000900
002352
600240
603429
300387
600269
000791
600428
600130
002408
603555
603707
000953
300447
603298
000802
300217
002718
002454
601229
603586
300179
002075
300677
603602
603668
300053
000568
600330
000758
300587
001896
000516
002295
000737
601002
000811
300573
002407
603035
600150
000816
300660
600756
600186
002310
000589
002522
002158
600091
600485
002100
300589
600491
002545
300530
300162
002807
002825
600248
002601
600548
603396
600862
300150
300701
300588
300342
600306
002484
601965
002201
002673
603535
002145
600448
000066
600531
600056
300056
002173
600660
300528
603679
002302
002650
603698
603939
300414
002250
002556
600107
600257
000498
002509
600162
600389
603936
300242
603829
601158
300359
603006
300233
002431
600775
601789
002895
000848
300229
002517
000042
002025
300410
000729
603689
000592
300295
600108
300264
000008
300735
300058
600090
600819
000401
000632
600161
300063
000998
002625
000598
603157
600684
603358
603789
300376
603878
002548
600557
601929
002368
300351
300570
000422
600889
000016
600611
600127
603200
603637
600284
300519
600266
300619
300062
000683
300235
002169
000402
002415
000863
300542
600397
600281
002785
601882
603601
002044
300098
300148
002281
300283
300124
600120
000532
600351
000859
300093
002335
002675
000959
603496
600458
600903
002215
300216
300366
601799
600383
601339
603299
601678
002594
600830
300700
600633
600817
002260
000796
300234
600864
600122
601225
002589
002507
603985
603269
300498
002900
000613
600963
600713
002530
002583
300455
600063
002543
300536
603180
300137
600209
600602
600362
300481
000971
600665
002432
000976
002888
600113
002336
000576
002011
600496
300326
002038
002533
000709
603311
601801
002609
603458
000100
002441
002686
601858
000923
002439
600681
000909
002178
603843
002732
601179
600363
002136
000021
000595
600027
600594
002380
300719
600848
300696
600890
300556
000752
002722
300702
002660
603658
002665
002319
603029
002261
300210
300223
002283
600074
000603
600145
300599
300157
600839
600012
002073
300170
603665
002513
002064
600831
000933
002737
002730
300243
600797
002420
002060
600097
601098
002631
600312
002198
601908
603456
601199
300092
601877
002208
600674
002578
002535
002387
000682
600687
002668
300625
600521
601128
002504
002755
603308
000548
603661
000919
000623
002200
603996
000757
000999
002207
000952
300052
600836
600617
600706
600825
603380
300187
300377
002801
000650
600285
002099
600419
002085
002492
600310
000920
300028
002059
600975
002516
600160
000667
600518
002574
000025
300097
002789
601086
000995
300581
600777
300064
603383
300713
300407
002469
000950
002757
002920
603225
603081
300340
002769
600689
300327
002401
600195
603676
002849
600068
600511
300609
600857
600526
601890
002069
000858
600546
300560
002021
002340
300151
002262
600978
600305
002634
002676
300011
002284
002837
000975
300731
000002
300085
600563
600724
000700
300489
600851
002070
603859
000932
300309
601958
300001
000963
300120
600020
000506
002753
000055
000788
000951
603016
600478
000096
600332
603106
601117
002808
300118
300082
002423
000710
002772
300208
603355
002230
603335
600628
300047
000157
300025
000417
000507
002353
002066
600682
600810
300003
600562
600291
600506
000404
603817
300138
603603
603725
002157
600212
603010
300374
300693
002616
300444
002664
002163
603556
300475
600805
002212
002218
600966
300550
000878
002629
600158
300354
600820
600725
600678
603727
000822
002289
300213
002501
002205
600671
600873
002857
002539
002871
002916
600058
002472
601966
601888
600662
600880
300607
300652
000504
002809
600259
300225
300546
002875
601137
000078
300005
000606
002906
603128
000785
600530
600680
002713
300520
600327
600622
600800
603101
300071
300029
601881
603086
002544
600550
000962
000001
300269
600833
601168
600567
603007
002390
600527
000850
603305
002367
002184
002146
300473
300547
600855
000048
000972
000967
600979
600566
600686
002317
600863
601000
603018
002575
002466
300146
002143
600705
300221
002385
000628
300207
300065
600106
603313
000756
603488
600168
600234
600723
601390
300432
002251
600279
002293
601003
002192
000090
603808
300493
300139
300276
603028
600409
601689
300484
300248
000917
002892
600111
600552
000712
300565
000541
000659
600561
300105
603908
002689
300343
002177
600711
000056
600691
002416
600717
603222
002638
300722
300164
600587
300649
600436
603338
300073
600073
300461
002003
002869
600125
603778
002872
600828
002350
603066
603616
603988
002674
002311
600981
600105
600892
600971
300030
002727
002049
300443
600976
002424
600345
002817
603518
300486
300045
000777
300718
600532
300262
000921
002751
300635
603323
600585
000672
002072
600871
603218
002580
002265
600288
002781
000561
002167
002187
300730
600089
600280
002866
002787
300561
300201
600109
600505
603918
603568
002604
603883
300514
002447
000593
603067
000988
300658
600373
600192
600015
603117
002699
002497
600814
000761
600468
603022
002473
002630
000063
600690
603959
002258
603882
300648
300568
603027
601808
300226
600588
002536
300244
002393
002071
000767
002903
600188
600367
603618
000408
002080
300200
300512
601011
600969
300577
300132
603021
000423
002428
000918
600692
002767
601368
002092
300198
603015
603277
002418
000582
002378
002738
002010
002255
600529
300492
000007
002596
600597
002474
600273
600080
603337
000411
601918
002223
601566
603585
002750
300328
002460
002845
600011
600070
300495
300531
002499
002065
600320
002615
002196
603906
002760
600731
002563
300464
600578
600618
300338
300285
300539
600183
000837
000852
600230
600645
000697
300640
002463
002051
000420
600850
600038
000839
002155
002334
300684
300171
603991
002268
603339
002827
000046
300394
603033
300022
600239
300467
000566
000819
002210
002571
002459
002096
002918
002529
300113
300153
300333
002276
300659
002333
600500
000828
000966
600990
600410
300227
002306
000596
002117
000993
603223
603826
300331
002581
000518
601228
300077
600513
000612
601116
000902
300605
300686
600877
601766
300294
600148
002444
002911
300364
002108
600658
300319
600132
603330
600609
300277
002125
603777
002386
000663
600268
603533
300116
002886
600710
600537
603139
002103
000609
000908
603019
603037
600078
601020
002104
603289
002821
002829
600807
600173
002627
002658
300441
600246
603466
601898
002168
600250
000657
600584
002524
000755
300682
300413
600206
600308
300206
600292
002219
603663
600728
002372
000707
600999
300488
002366
300304
300236
002839
000792
002731
600031
002595
002833
600386
000050
002540
603129
002680
601988
600571
600958
002373
002019
002130
002765
002550
300537
002568
002238
000738
001696
002211
600593
603198
600535
600098
600988
300601
002752
300284
002816
300197
002515
002740
002032
001979
603938
002327
600763
002555
300182
002913
000004
300281
603600
002434
300068
002908
002671
002786
600497
603226
002663
300357
000702
000637
600139
600416
603025
600459
002670
300415
600512
600501
600654
002709
002394
000570
000799
300623
300220
002204
002591
603168
601101
603738
300510
002116
600302
002180
000012
603090
300583
603887
601515
600900
603416
002803
601600
002477
600908
300663
603055
603855
002602
002815
000622
000625
600676
603880
600818
000958
300100
002840
000736
600316
002326
300397
002482
300255
603538
002107
600236
000558
300597
600701
300509
002342
002899
600004
000511
300214
603133
603656
000732
002396
300712
000911
603758
603703
002188
000065
300425
000020
000690
601118
600865
603886
002055
600438
600335
002653
002848
002292
300384
600801
600433
002137
603929
601608
603011
000701
002622
002132
300721
601619
002644
603868
600869
002391
002747
300479
603881
603730
603801
601688
300569
000418
300689
002054
600641
002494
300123
300554
603517
002160
600698
603110
603809
603169
600891
600744
300551
600339
600845
603598
600000
600764
300237
603368
300330
300435
002883
603078
300679
002917
603001
300023
600661
600894
002043
600081
300579
601177
002696
002841
000883
000536
603288
603877
000043
300637
002094
603266
000833
601108
300209
603328
601669
000403
600847
002541
300434
600358
000011
000795
002050
600118
603578
603879
601880
000400
600719
600726
300502
600613
002876
002559
300189
603721
601636
603569
603166
002690
300158
000722
603286
002863
000636
002312
002405
002843
300600
603928
000415
600883
000553
603131
601886
600773
300642
000969
600547
300230
002331
300466
603717
603900
300662
000009
002896
600249
300089
002149
000514
600213
300185
002222
002736
300070
002048
600528
000875
600377
603026
600251
300469
601595
002560
002077
000838
603111
002142
600329
000977
600555
603838
002152
600784
600311
300440
000671
002647
300501
300017
002126
002519
603076
002531
300508
002165
600612
002005
603063
601985
002526
601226
300657
300205
600067
600093
600153
002147
600760
603797
002371
300368
603617
000715
600482
000915
002029
002078
300038
601939
600582
600926
300661
002743
600228
002717
600235
002171
600754
600703
300081
300066
601231
600733
000611
002706
000555
002303
600569
300311
000809
300412
002105
002176
300074
000997
002885
600420
002779
300015
300515
002206
002573
002597
603588
300099
002243
600477
002512
600172
600759
600962
603331
600821
300260
